Vertex Count: 24

Data:

-3e-005 0.597461 -4000 0.9999 0.9999 0 1 -0
-3e-005 0.60254 4000 0.9999 0.000100017 0 1 -0
3800 0.597461 -4000 0.049805 1 0.0037 1 -0
4000 -0.902539 -4000 0 1 0.0075 1 -0
3800 0.597461 -4000 0.049805 1 0.0037 1 -0
4000 -0.89746 4000 0 0 0.0075 1 -0
-3e-005 0.597461 -4000 0.9999 0.9999 0 1 -0
-3800 0.597461 -4000 0.049805 1 -0.0037 1 -0
-3e-005 0.60254 4000 0.9999 0.000100017 0 1 -0
-4000 -0.902539 -4000 0 1 -0.0075 1 -0
-4000 -0.89746 4000 0 0 -0.0075 1 -0
-3800 0.597461 -4000 0.049805 1 -0.0037 1 -0
-3e-005 0.60254 4000 0.9999 0.000100017 0 1 -0
3800 0.60254 4000 0.049805 0 0.0037 1 -0
3800 0.597461 -4000 0.049805 1 0.0037 1 -0
3800 0.597461 -4000 0.049805 1 0.0037 1 -0
3800 0.60254 4000 0.049805 0 0.0037 1 -0
4000 -0.89746 4000 0 0 0.0075 1 -0
-3800 0.597461 -4000 0.049805 1 -0.0037 1 -0
-3800 0.60254 4000 0.049805 0 -0.0037 1 -0
-3e-005 0.60254 4000 0.9999 0.000100017 0 1 -0
-4000 -0.89746 4000 0 0 -0.0075 1 -0
-3800 0.60254 4000 0.049805 0 -0.0037 1 -0
-3800 0.597461 -4000 0.049805 1 -0.0037 1 -0
