Vertex Count: 288

Data:

72.4217 0.599997 -55.808 0.049805 0.204102 0.3936 0.9179 0.0503
73.4808 0.599995 -75.0162 0.049805 0 0.3939 0.9189 0.0217
44.164 0.599996 -59.4869 1 0.204102 0 1 -0
68.563 0.599998 -36.6705 0.049805 0.436523 0.382 0.9183 0.1042
41.0283 0.599997 -44.0119 1 0.436523 0 1 -0
62.1537 0.599997 -18.164 0.049805 0.688477 0.3646 0.9185 0.1532
20.0679 0.599997 -1.93257 1 1.22461 0 1 -0
9.82663 0.599997 9.84377 1 1.5 0 1 -0
42.6639 0.599996 15.4311 0.049805 1.22461 0.314 0.9186 0.2402
9.82663 0.599997 9.84377 1 1.5 0 1 -0
-1.88749 0.600005 20.2153 1 1.77539 0 1 -0
29.9732 0.599997 29.9978 0.049805 1.5 0.2807 0.9184 0.2787
-0.661663 0.599997 53.6192 0.049805 2.04785 0.1976 0.9182 0.3432
-14.9295 0.599997 28.9518 1 2.04785 0 1 -0
-18.1932 0.599996 62.1876 0.049805 2.31152 0.1496 0.9183 0.3666
-18.1932 0.599996 62.1876 0.049805 2.31152 0.1496 0.9183 0.3666
-29.1082 0.599997 35.8642 1 2.31152 0 1 -0
-36.7717 0.600017 68.349 0.049805 2.56152 0.1 0.9185 0.3826
-36.7717 0.600017 68.349 0.049805 2.56152 0.1 0.9185 0.3826
-44.1284 0.600017 40.8181 1 2.56152 0 1 -0
-55.9234 0.600012 72.0562 0.049805 2.79199 0.0523 0.919 0.3908
-59.5937 0.600011 43.7961 1 2.79199 0 1 -0
-75.0192 0.599996 44.9838 1 3 0 1 -0
-55.9234 0.600012 72.0562 0.049805 2.79199 0.0523 0.919 0.3908
-19.2447 0.600007 -2.38514 0.049805 1.77539 -0.225 0.9299 -0.291
-29.1988 0.599997 4.28536 0.049805 2.04883 -0.183 0.93 -0.3188
-1.88749 0.600005 20.2153 1 1.77539 0 1 -0
-14.9295 0.599997 28.9518 1 2.04785 0 1 -0
-29.1988 0.599997 4.28536 0.049805 2.04883 -0.183 0.93 -0.3188
-29.1082 0.599997 35.8642 1 2.31152 0 1 -0
62.1537 0.599997 -18.164 0.049805 0.688477 0.3646 0.9185 0.1532
35.8239 0.599996 -29.0643 1 0.688477 0 1 -0
53.4469 0.599996 -0.69908 0.049805 0.952148 0.3418 0.9186 0.1984
28.7764 0.599996 -14.9625 1 0.953125 0 1 -0
20.0679 0.599997 -1.93257 1 1.22461 0 1 -0
53.4469 0.599996 -0.69908 0.049805 0.952148 0.3418 0.9186 0.1984
-44.1284 0.600017 40.8181 1 2.56152 0 1 -0
-51.4903 0.600017 13.2884 0.049805 2.56152 -0.092 0.9295 -0.3572
-59.5937 0.600011 43.7961 1 2.79199 0 1 -0
-63.2613 0.600011 15.5352 0.049805 2.79102 -0.0498 0.9286 -0.3677
-75.0192 0.599995 16.4838 0.049805 2.99902 -0.0295 0.9303 -0.3655
-59.5937 0.600011 43.7961 1 2.79199 0 1 -0
-1.88749 0.600005 20.2153 1 1.77539 0 1 -0
-14.9295 0.599997 28.9518 1 2.04785 0 1 -0
15.4713 0.600005 42.8147 0.049805 1.77539 0.2418 0.9183 0.3135
35.8239 0.599996 -29.0643 1 0.688477 0 1 -0
9.49209 0.599997 -39.9598 0.049805 0.688477 -0.3395 0.9295 -0.1441
28.7764 0.599996 -14.9625 1 0.953125 0 1 -0
41.0283 0.599997 -44.0119 1 0.436523 0 1 -0
13.4922 0.599997 -51.3482 0.049805 0.436523 -0.3545 0.9299 -0.098
35.8239 0.599996 -29.0643 1 0.688477 0 1 -0
44.164 0.599996 -59.4869 1 0.204102 0 1 -0
15.9073 0.599997 -63.1686 0.049805 0.203125 -0.363 0.9307 -0.0456
41.0283 0.599997 -44.0119 1 0.436523 0 1 -0
44.164 0.599996 -59.4869 1 0.204102 0 1 -0
44.9808 0.599995 -75.0162 1 0 0 1 -0
15.9073 0.599997 -63.1686 0.049805 0.203125 -0.363 0.9307 -0.0456
-29.1082 0.599997 35.8642 1 2.31152 0 1 -0
-40.0279 0.599997 9.5428 0.049805 2.3125 -0.1378 0.9299 -0.3411
-44.1284 0.600017 40.8181 1 2.56152 0 1 -0
72.4217 0.599997 -55.808 0.049805 0.204102 0.3936 0.9179 0.0503
44.164 0.599996 -59.4869 1 0.204102 0 1 -0
68.563 0.599998 -36.6705 0.049805 0.436523 0.382 0.9183 0.1042
-10.3174 0.599996 -10.3128 0.049805 1.5 -0.2621 0.9296 -0.259
-19.2447 0.600007 -2.38514 0.049805 1.77539 -0.225 0.9299 -0.291
9.82663 0.599997 9.84377 1 1.5 0 1 -0
-2.52693 0.599997 -19.2979 0.049805 1.22461 -0.2934 0.9294 -0.2238
-10.3174 0.599996 -10.3128 0.049805 1.5 -0.2621 0.9296 -0.259
20.0679 0.599997 -1.93257 1 1.22461 0 1 -0
4.10488 0.599996 -29.2244 0.049805 0.953125 -0.3191 0.9293 -0.1857
-2.52693 0.599997 -19.2979 0.049805 1.22461 -0.2934 0.9294 -0.2238
28.7764 0.599996 -14.9625 1 0.953125 0 1 -0
73.9135 -0.900003 -55.6176 0 0.204102 0.7005 0.708 0.0894
74.9808 -0.900003 -75.0162 0 0 0.7065 0.7066 0.039
72.4217 0.599997 -55.808 0.049805 0.204102 0.3936 0.9179 0.0503
13.4922 0.599997 -51.3482 0.049805 0.436523 -0.3545 0.9299 -0.098
12.0431 -0.900003 -51.7487 0 0.436523 -0.6808 0.7079 -0.1882
9.49209 0.599997 -39.9598 0.049805 0.688477 -0.3395 0.9295 -0.1441
15.9073 0.599997 -63.1686 0 0.203125 -0.363 0.9307 -0.0456
16.4808 0.599995 -75.0162 0 0 -0.3724 0.9279 -0.0181
14.4146 -0.900003 -63.3562 0.049805 0.203125 -0.7006 0.7081 -0.088
15.9073 0.599997 -63.1686 0.049805 0.203125 -0.363 0.9307 -0.0456
14.4146 -0.900003 -63.3562 0 0.203125 -0.7006 0.7081 -0.088
13.4922 0.599997 -51.3482 0.049805 0.436523 -0.3545 0.9299 -0.098
73.9135 -0.900003 -55.6176 0 0.204102 0.7005 0.708 0.0894
72.4217 0.599997 -55.808 0.049805 0.204102 0.3936 0.9179 0.0503
70.0135 -0.900002 -36.275 0 0.436523 0.6814 0.7079 0.1858
70.0135 -0.900002 -36.275 0 0.436523 0.6814 0.7079 0.1858
68.563 0.599998 -36.6705 0.049805 0.436523 0.382 0.9183 0.1042
63.5394 -0.900002 -17.5815 0 0.688477 0.6512 0.7078 0.2737
9.49209 0.599997 -39.9598 0.049805 0.688477 -0.3395 0.9295 -0.1441
8.10853 -0.900003 -40.5471 0 0.688477 -0.6502 0.7078 -0.276
4.10488 0.599996 -29.2244 0.049805 0.953125 -0.3191 0.9293 -0.1857
63.5394 -0.900002 -17.5815 0 0.688477 0.6512 0.7078 0.2737
62.1537 0.599997 -18.164 0.049805 0.688477 0.3646 0.9185 0.1532
54.7468 -0.900003 0.055396 0 0.952148 0.611 0.7078 0.3546
2.80593 -0.900003 -29.9804 0 0.953125 -0.6106 0.7078 -0.3553
-3.7219 -0.900003 -20.2094 0 1.22461 -0.5617 0.7078 -0.4284
4.10488 0.599996 -29.2244 0.049805 0.953125 -0.3191 0.9293 -0.1857
53.4469 0.599996 -0.69908 0.049805 0.952148 0.3418 0.9186 0.1984
42.6639 0.599996 15.4311 0.049805 1.22461 0.314 0.9186 0.2402
54.7468 -0.900003 0.055396 0 0.952148 0.611 0.7078 0.3546
-3.7219 -0.900003 -20.2094 0 1.22461 -0.5617 0.7078 -0.4284
-11.3866 -0.900003 -11.3694 0 1.5 -0.5024 0.7079 -0.4965
-2.52693 0.599997 -19.2979 0.049805 1.22461 -0.2934 0.9294 -0.2238
42.6639 0.599996 15.4311 0.049805 1.22461 0.314 0.9186 0.2402
29.9732 0.599997 29.9978 0.049805 1.5 0.2807 0.9184 0.2787
43.8578 -0.900003 16.3443 0 1.22461 0.5611 0.7078 0.4292
-11.3866 -0.900003 -11.3694 0 1.5 -0.5024 0.7079 -0.4965
-20.1644 -0.899993 -3.57445 0 1.77637 -0.4321 0.7079 -0.5587
-10.3174 0.599996 -10.3128 0.049805 1.5 -0.2621 0.9296 -0.259
29.9732 0.599997 29.9978 0.049805 1.5 0.2807 0.9184 0.2787
15.4713 0.600005 42.8147 0.049805 1.77539 0.2418 0.9183 0.3135
31.0399 -0.900003 31.0569 0 1.5 0.5012 0.7079 0.4977
-20.1644 -0.899993 -3.57445 0 1.77637 -0.4321 0.7079 -0.5587
-29.9474 -0.900003 2.98137 0 2.04785 -0.3517 0.708 -0.6125
-19.2447 0.600007 -2.38514 0.049805 1.77539 -0.225 0.9299 -0.291
15.4713 0.600005 42.8147 0.049805 1.77539 0.2418 0.9183 0.3135
-0.661663 0.599997 53.6192 0.049805 2.04785 0.1976 0.9182 0.3432
16.3894 -0.899996 44.0051 0 1.77539 0.4314 0.7079 0.5593
-29.1988 0.599997 4.28536 0.049805 2.04883 -0.183 0.93 -0.3188
-29.9474 -0.900003 2.98137 0 2.04785 -0.3517 0.708 -0.6125
-40.0279 0.599997 9.5428 0.049805 2.3125 -0.1378 0.9299 -0.3411
0.088434 -0.900002 54.9222 0 2.04785 0.3524 0.7079 0.6121
-0.661663 0.599997 53.6192 0.049805 2.04785 0.1976 0.9182 0.3432
-17.6253 -0.900003 63.5796 0 2.31152 0.2668 0.7079 0.654
-40.0279 0.599997 9.5428 0.049805 2.3125 -0.1378 0.9299 -0.3411
-40.591 -0.900002 8.14876 0 2.31152 -0.2645 0.7079 -0.6549
-51.4903 0.600017 13.2884 0.049805 2.56152 -0.092 0.9295 -0.3572
-17.6253 -0.900003 63.5796 0 2.31152 0.2668 0.7079 0.654
-18.1932 0.599996 62.1876 0.049805 2.31152 0.1496 0.9183 0.3666
-36.3915 -0.899982 69.8032 0 2.56152 0.1787 0.7078 0.6834
-51.4903 0.600017 13.2884 0.049805 2.56152 -0.092 0.9295 -0.3572
-51.8653 -0.899982 11.8329 0 2.56152 -0.1763 0.7078 -0.684
-63.2613 0.600011 15.5352 0.049805 2.79102 -0.0498 0.9286 -0.3677
-36.3915 -0.899982 69.8032 0 2.56152 0.1787 0.7078 0.6834
-36.7717 0.600017 68.349 0.049805 2.56152 0.1 0.9185 0.3826
-55.7244 -0.899989 73.5455 0 2.79199 0.0936 0.7077 0.7003
-63.4631 -0.899988 14.0467 0 2.79102 -0.0949 0.7076 -0.7002
-75.0192 -0.900003 14.9838 0 2.99902 -0.057 0.7061 -0.7058
-63.2613 0.600011 15.5352 0.049805 2.79102 -0.0498 0.9286 -0.3677
-55.9234 0.600012 72.0562 0.049805 2.79199 0.0523 0.919 0.3908
-75.0192 0.599996 73.4838 0.049805 3 0.0297 0.917 0.3978
-55.7244 -0.899989 73.5455 0 2.79199 0.0936 0.7077 0.7003
73.4808 0.599995 -75.0162 0.049805 0 0.3939 0.9189 0.0217
44.9808 0.599995 -75.0162 1 0 0 1 -0
44.164 0.599996 -59.4869 1 0.204102 0 1 -0
41.0283 0.599997 -44.0119 1 0.436523 0 1 -0
35.8239 0.599996 -29.0643 1 0.688477 0 1 -0
62.1537 0.599997 -18.164 0.049805 0.688477 0.3646 0.9185 0.1532
9.82663 0.599997 9.84377 1 1.5 0 1 -0
29.9732 0.599997 29.9978 0.049805 1.5 0.2807 0.9184 0.2787
42.6639 0.599996 15.4311 0.049805 1.22461 0.314 0.9186 0.2402
-1.88749 0.600005 20.2153 1 1.77539 0 1 -0
15.4713 0.600005 42.8147 0.049805 1.77539 0.2418 0.9183 0.3135
29.9732 0.599997 29.9978 0.049805 1.5 0.2807 0.9184 0.2787
-14.9295 0.599997 28.9518 1 2.04785 0 1 -0
-29.1082 0.599997 35.8642 1 2.31152 0 1 -0
-18.1932 0.599996 62.1876 0.049805 2.31152 0.1496 0.9183 0.3666
-29.1082 0.599997 35.8642 1 2.31152 0 1 -0
-44.1284 0.600017 40.8181 1 2.56152 0 1 -0
-36.7717 0.600017 68.349 0.049805 2.56152 0.1 0.9185 0.3826
-44.1284 0.600017 40.8181 1 2.56152 0 1 -0
-59.5937 0.600011 43.7961 1 2.79199 0 1 -0
-55.9234 0.600012 72.0562 0.049805 2.79199 0.0523 0.919 0.3908
-75.0192 0.599996 44.9838 1 3 0 1 -0
-75.0192 0.599996 73.4838 0.049805 3 0.0297 0.917 0.3978
-55.9234 0.600012 72.0562 0.049805 2.79199 0.0523 0.919 0.3908
-29.1988 0.599997 4.28536 0.049805 2.04883 -0.183 0.93 -0.3188
-14.9295 0.599997 28.9518 1 2.04785 0 1 -0
-1.88749 0.600005 20.2153 1 1.77539 0 1 -0
-29.1988 0.599997 4.28536 0.049805 2.04883 -0.183 0.93 -0.3188
-40.0279 0.599997 9.5428 0.049805 2.3125 -0.1378 0.9299 -0.3411
-29.1082 0.599997 35.8642 1 2.31152 0 1 -0
35.8239 0.599996 -29.0643 1 0.688477 0 1 -0
28.7764 0.599996 -14.9625 1 0.953125 0 1 -0
53.4469 0.599996 -0.69908 0.049805 0.952148 0.3418 0.9186 0.1984
20.0679 0.599997 -1.93257 1 1.22461 0 1 -0
42.6639 0.599996 15.4311 0.049805 1.22461 0.314 0.9186 0.2402
53.4469 0.599996 -0.69908 0.049805 0.952148 0.3418 0.9186 0.1984
-51.4903 0.600017 13.2884 0.049805 2.56152 -0.092 0.9295 -0.3572
-63.2613 0.600011 15.5352 0.049805 2.79102 -0.0498 0.9286 -0.3677
-59.5937 0.600011 43.7961 1 2.79199 0 1 -0
-75.0192 0.599995 16.4838 0.049805 2.99902 -0.0295 0.9303 -0.3655
-75.0192 0.599996 44.9838 1 2.99902 0 1 -0
-59.5937 0.600011 43.7961 1 2.79199 0 1 -0
-14.9295 0.599997 28.9518 1 2.04785 0 1 -0
-0.661663 0.599997 53.6192 0.049805 2.04785 0.1976 0.9182 0.3432
15.4713 0.600005 42.8147 0.049805 1.77539 0.2418 0.9183 0.3135
9.49209 0.599997 -39.9598 0.049805 0.688477 -0.3395 0.9295 -0.1441
4.10488 0.599996 -29.2244 0.049805 0.953125 -0.3191 0.9293 -0.1857
28.7764 0.599996 -14.9625 1 0.953125 0 1 -0
13.4922 0.599997 -51.3482 0.049805 0.436523 -0.3545 0.9299 -0.098
9.49209 0.599997 -39.9598 0.049805 0.688477 -0.3395 0.9295 -0.1441
35.8239 0.599996 -29.0643 1 0.688477 0 1 -0
15.9073 0.599997 -63.1686 0.049805 0.203125 -0.363 0.9307 -0.0456
13.4922 0.599997 -51.3482 0.049805 0.436523 -0.3545 0.9299 -0.098
41.0283 0.599997 -44.0119 1 0.436523 0 1 -0
44.9808 0.599995 -75.0162 1 0 0 1 -0
16.4808 0.599995 -75.0162 0.049805 0 -0.3724 0.9279 -0.0181
15.9073 0.599997 -63.1686 0.049805 0.203125 -0.363 0.9307 -0.0456
-40.0279 0.599997 9.5428 0.049805 2.3125 -0.1378 0.9299 -0.3411
-51.4903 0.600017 13.2884 0.049805 2.56152 -0.092 0.9295 -0.3572
-44.1284 0.600017 40.8181 1 2.56152 0 1 -0
44.164 0.599996 -59.4869 1 0.204102 0 1 -0
41.0283 0.599997 -44.0119 1 0.436523 0 1 -0
68.563 0.599998 -36.6705 0.049805 0.436523 0.382 0.9183 0.1042
-19.2447 0.600007 -2.38514 0.049805 1.77539 -0.225 0.9299 -0.291
-1.88749 0.600005 20.2153 1 1.77539 0 1 -0
9.82663 0.599997 9.84377 1 1.5 0 1 -0
-10.3174 0.599996 -10.3128 0.049805 1.5 -0.2621 0.9296 -0.259
9.82663 0.599997 9.84377 1 1.5 0 1 -0
20.0679 0.599997 -1.93257 1 1.22461 0 1 -0
-2.52693 0.599997 -19.2979 0.049805 1.22461 -0.2934 0.9294 -0.2238
20.0679 0.599997 -1.93257 1 1.22461 0 1 -0
28.7764 0.599996 -14.9625 1 0.953125 0 1 -0
74.9808 -0.900003 -75.0162 0 0 0.7065 0.7066 0.039
73.4808 0.599995 -75.0162 0.049805 0 0.3939 0.9189 0.0217
72.4217 0.599997 -55.808 0.049805 0.204102 0.3936 0.9179 0.0503
12.0431 -0.900003 -51.7487 0 0.436523 -0.6808 0.7079 -0.1882
8.10853 -0.900003 -40.5471 0 0.688477 -0.6502 0.7078 -0.276
9.49209 0.599997 -39.9598 0.049805 0.688477 -0.3395 0.9295 -0.1441
16.4808 0.599995 -75.0162 0 0 -0.3724 0.9279 -0.0181
14.9808 -0.900003 -75.0162 0.049805 0 -0.7067 0.7067 -0.0343
14.4146 -0.900003 -63.3562 0.049805 0.203125 -0.7006 0.7081 -0.088
14.4146 -0.900003 -63.3562 0 0.203125 -0.7006 0.7081 -0.088
12.0431 -0.900003 -51.7487 0 0.436523 -0.6808 0.7079 -0.1882
13.4922 0.599997 -51.3482 0.049805 0.436523 -0.3545 0.9299 -0.098
72.4217 0.599997 -55.808 0.049805 0.204102 0.3936 0.9179 0.0503
68.563 0.599998 -36.6705 0.049805 0.436523 0.382 0.9183 0.1042
70.0135 -0.900002 -36.275 0 0.436523 0.6814 0.7079 0.1858
68.563 0.599998 -36.6705 0.049805 0.436523 0.382 0.9183 0.1042
62.1537 0.599997 -18.164 0.049805 0.688477 0.3646 0.9185 0.1532
63.5394 -0.900002 -17.5815 0 0.688477 0.6512 0.7078 0.2737
8.10853 -0.900003 -40.5471 0 0.688477 -0.6502 0.7078 -0.276
2.80593 -0.900003 -29.9804 0 0.953125 -0.6106 0.7078 -0.3553
4.10488 0.599996 -29.2244 0.049805 0.953125 -0.3191 0.9293 -0.1857
62.1537 0.599997 -18.164 0.049805 0.688477 0.3646 0.9185 0.1532
53.4469 0.599996 -0.69908 0.049805 0.952148 0.3418 0.9186 0.1984
54.7468 -0.900003 0.055396 0 0.952148 0.611 0.7078 0.3546
-3.7219 -0.900003 -20.2094 0 1.22461 -0.5617 0.7078 -0.4284
-2.52693 0.599997 -19.2979 0.049805 1.22461 -0.2934 0.9294 -0.2238
4.10488 0.599996 -29.2244 0.049805 0.953125 -0.3191 0.9293 -0.1857
42.6639 0.599996 15.4311 0.049805 1.22461 0.314 0.9186 0.2402
43.8578 -0.900003 16.3443 0 1.22461 0.5611 0.7078 0.4292
54.7468 -0.900003 0.055396 0 0.952148 0.611 0.7078 0.3546
-11.3866 -0.900003 -11.3694 0 1.5 -0.5024 0.7079 -0.4965
-10.3174 0.599996 -10.3128 0.049805 1.5 -0.2621 0.9296 -0.259
-2.52693 0.599997 -19.2979 0.049805 1.22461 -0.2934 0.9294 -0.2238
29.9732 0.599997 29.9978 0.049805 1.5 0.2807 0.9184 0.2787
31.0399 -0.900003 31.0569 0 1.5 0.5012 0.7079 0.4977
43.8578 -0.900003 16.3443 0 1.22461 0.5611 0.7078 0.4292
-20.1644 -0.899993 -3.57445 0 1.77637 -0.4321 0.7079 -0.5587
-19.2447 0.600007 -2.38514 0.049805 1.77539 -0.225 0.9299 -0.291
-10.3174 0.599996 -10.3128 0.049805 1.5 -0.2621 0.9296 -0.259
15.4713 0.600005 42.8147 0.049805 1.77539 0.2418 0.9183 0.3135
16.3894 -0.899996 44.0051 0 1.77539 0.4314 0.7079 0.5593
31.0399 -0.900003 31.0569 0 1.5 0.5012 0.7079 0.4977
-29.9474 -0.900003 2.98137 0 2.04785 -0.3517 0.708 -0.6125
-29.1988 0.599997 4.28536 0.049805 2.04883 -0.183 0.93 -0.3188
-19.2447 0.600007 -2.38514 0.049805 1.77539 -0.225 0.9299 -0.291
-0.661663 0.599997 53.6192 0.049805 2.04785 0.1976 0.9182 0.3432
0.088434 -0.900002 54.9222 0 2.04785 0.3524 0.7079 0.6121
16.3894 -0.899996 44.0051 0 1.77539 0.4314 0.7079 0.5593
-29.9474 -0.900003 2.98137 0 2.04785 -0.3517 0.708 -0.6125
-40.591 -0.900002 8.14876 0 2.31152 -0.2645 0.7079 -0.6549
-40.0279 0.599997 9.5428 0.049805 2.3125 -0.1378 0.9299 -0.3411
-0.661663 0.599997 53.6192 0.049805 2.04785 0.1976 0.9182 0.3432
-18.1932 0.599996 62.1876 0.049805 2.31152 0.1496 0.9183 0.3666
-17.6253 -0.900003 63.5796 0 2.31152 0.2668 0.7079 0.654
-40.591 -0.900002 8.14876 0 2.31152 -0.2645 0.7079 -0.6549
-51.8653 -0.899982 11.8329 0 2.56152 -0.1763 0.7078 -0.684
-51.4903 0.600017 13.2884 0.049805 2.56152 -0.092 0.9295 -0.3572
-18.1932 0.599996 62.1876 0.049805 2.31152 0.1496 0.9183 0.3666
-36.7717 0.600017 68.349 0.049805 2.56152 0.1 0.9185 0.3826
-36.3915 -0.899982 69.8032 0 2.56152 0.1787 0.7078 0.6834
-51.8653 -0.899982 11.8329 0 2.56152 -0.1763 0.7078 -0.684
-63.4631 -0.899988 14.0467 0 2.79102 -0.0949 0.7076 -0.7002
-63.2613 0.600011 15.5352 0.049805 2.79102 -0.0498 0.9286 -0.3677
-36.7717 0.600017 68.349 0.049805 2.56152 0.1 0.9185 0.3826
-55.9234 0.600012 72.0562 0.049805 2.79199 0.0523 0.919 0.3908
-55.7244 -0.899989 73.5455 0 2.79199 0.0936 0.7077 0.7003
-75.0192 -0.900003 14.9838 0 2.99902 -0.057 0.7061 -0.7058
-75.0192 0.599995 16.4838 0.049805 2.99902 -0.0295 0.9303 -0.3655
-63.2613 0.600011 15.5352 0.049805 2.79102 -0.0498 0.9286 -0.3677
-75.0192 0.599996 73.4838 0.049805 3 0.0297 0.917 0.3978
-75.0192 -0.900003 74.9838 0 3 0.0526 0.7061 0.7061
-55.7244 -0.899989 73.5455 0 2.79199 0.0936 0.7077 0.7003
