Vertex Count: 192

Data:

28.191 0.600004 -42.8333 1 2.56152 0 1 -0
30.3956 0.600003 -59.9879 1 3 0 1 -0
0.649678 0.600005 -50.1105 0.049805 2.74707 -0.3404 0.9359 -0.0904
-20.1815 0.600003 -19.7138 0.049805 1.9707 -0.2765 0.9252 -0.2599
0.14421 0.6 0.264335 1 1.46094 0 1 -0
-10.3295 0.600003 -30.5241 0.049805 2.24707 -0.288 0.9297 -0.2296
-22.4162 0.599997 26.4884 1 0.791016 0 1 -0
2.33481 0.599996 40.5752 0.049805 0.490234 0.3021 0.9391 0.1639
-11.9385 0.599999 12.7088 1 1.14258 0 1 -0
-56.2032 0.600001 37.5101 0.049805 0.508789 -0.3978 0.9134 -0.0867
-58.1044 0.600003 60.0121 0.049805 0 -0.3997 0.916 -0.0338
-28.2011 0.599997 42.7475 1 0.375 0 1 -0
21.6292 0.600002 -26.8326 1 2.15234 0 1 -0
46.5062 0.599999 -12.9437 0.049805 1.83887 0.3548 0.9151 0.1913
28.191 0.600004 -42.8333 1 2.56152 0 1 -0
-28.2011 0.599997 42.7475 1 0.375 0 1 -0
-22.4162 0.599997 26.4884 1 0.791016 0 1 -0
-56.2032 0.600001 37.5101 0.049805 0.508789 -0.3978 0.9134 -0.0867
-3.25214 0.600005 -40.7136 0.049805 2.50781 -0.3148 0.9334 -0.1721
21.6292 0.600002 -26.8326 1 2.15234 0 1 -0
0.649678 0.600005 -50.1105 0.049805 2.74707 -0.3404 0.9359 -0.0904
0.14421 0.6 0.264335 1 1.46094 0 1 -0
20.4694 0.599996 20.243 0.049805 1.00195 0.2817 0.9224 0.2645
11.8007 0.600001 -12.5708 1 1.78809 0 1 -0
-47.1694 0.6 12.3962 0.049805 1.15039 -0.361 0.912 -0.1946
-22.4162 0.599997 26.4884 1 0.791016 0 1 -0
-33.0346 0.6 -6.45038 0.049805 1.63184 -0.3006 0.9186 -0.2566
55.7322 0.600001 -35.5526 0.049805 2.40918 0.3935 0.9135 0.1038
58.8956 0.600003 -59.9879 0.049805 3 0.4082 0.9113 0.0528
28.191 0.600004 -42.8333 1 2.56152 0 1 -0
11.8007 0.600001 -12.5708 1 1.78809 0 1 -0
33.9267 0.599998 5.3875 0.049805 1.37695 0.3107 0.9183 0.2455
21.6292 0.600002 -26.8326 1 2.15234 0 1 -0
-10.3295 0.600003 -30.5241 0.049805 2.24707 -0.288 0.9297 -0.2296
11.8007 0.600001 -12.5708 1 1.78809 0 1 -0
-3.25214 0.600005 -40.7136 0.049805 2.50781 -0.3148 0.9334 -0.1721
-11.9385 0.599999 12.7088 1 1.14258 0 1 -0
9.16974 0.599997 31.8552 0.049805 0.709961 0.2794 0.9286 0.2442
0.14421 0.6 0.264335 1 1.46094 0 1 -0
-33.0346 0.6 -6.45038 0.049805 1.63184 -0.3006 0.9186 -0.2566
-11.9385 0.599999 12.7088 1 1.14258 0 1 -0
-20.1815 0.600003 -19.7138 0.049805 1.9707 -0.2765 0.9252 -0.2599
-0.20206 0.599991 48.0035 0.049805 0.302734 0.3467 0.9353 0.071
2.33481 0.599996 40.5752 0.049805 0.490234 0.3021 0.9391 0.1639
-28.2011 0.599997 42.7475 1 0.375 0 1 -0
-28.2011 0.599997 42.7475 1 0.375 0 1 -0
-29.6044 0.600003 60.0121 1 0 0 1 -0
-0.20206 0.599991 48.0035 0.049805 0.302734 0.3467 0.9353 0.071
57.1949 -0.899999 -35.1669 0 2.40918 0.6808 0.7101 0.1795
60.3956 -0.899995 -59.9879 0 3 0.704 0.7043 0.0911
55.7322 0.600001 -35.5526 0.049805 2.40918 0.3935 0.9135 0.1038
0.649678 0.600005 -50.1105 0.049805 2.74707 -0.3404 0.9359 -0.0904
1.89557 0.600003 -59.9879 0.049805 3 -0.3554 0.9336 -0.0452
-0.812862 -0.899998 -50.4998 0 2.75684 -0.6805 0.7101 -0.1807
57.1949 -0.899999 -35.1669 0 2.40918 0.6808 0.7101 0.1795
55.7322 0.600001 -35.5526 0.049805 2.40918 0.3935 0.9135 0.1038
47.8342 -0.900002 -12.2278 0 1.83887 0.6206 0.7091 0.3346
0.649678 0.600005 -50.1105 0.049805 2.74707 -0.3404 0.9359 -0.0904
-0.812862 -0.899998 -50.4998 0 2.75684 -0.6805 0.7101 -0.1807
-3.25214 0.600005 -40.7136 0.049805 2.50781 -0.3148 0.9334 -0.1721
47.8342 -0.900002 -12.2278 0 1.83887 0.6206 0.7091 0.3346
46.5062 0.599999 -12.9437 0.049805 1.83887 0.3548 0.9151 0.1913
35.1063 -0.900004 6.31962 0 1.37695 0.5542 0.7079 0.4379
-3.25214 0.600005 -40.7136 0.049805 2.50781 -0.3148 0.9334 -0.1721
-4.57583 -0.899998 -41.4373 0 2.52539 -0.6187 0.7091 -0.3382
-10.3295 0.600003 -30.5241 0.049805 2.24707 -0.288 0.9297 -0.2296
35.1063 -0.900004 6.31962 0 1.37695 0.5542 0.7079 0.4379
33.9267 0.599998 5.3875 0.049805 1.37695 0.3107 0.9183 0.2455
21.5631 -0.900005 21.2698 0 1.00195 0.5155 0.7072 0.484
-10.3295 0.600003 -30.5241 0.049805 2.24707 -0.288 0.9297 -0.2296
-11.5049 -0.9 -31.4612 0 2.27051 -0.5523 0.7079 -0.4403
-20.1815 0.600003 -19.7138 0.049805 1.9707 -0.2765 0.9252 -0.2599
21.5631 -0.900005 21.2698 0 1.00195 0.5155 0.7072 0.484
20.4694 0.599996 20.243 0.049805 1.00195 0.2817 0.9224 0.2645
10.3008 -0.900005 32.8437 0 0.709961 0.532 0.7076 0.465
-20.1815 0.600003 -19.7138 0.049805 1.9707 -0.2765 0.9252 -0.2599
-21.2747 -0.9 -20.7411 0 1.99707 -0.5152 0.7071 -0.4842
-33.0346 0.6 -6.45038 0.049805 1.63184 -0.3006 0.9186 -0.2566
10.3008 -0.900005 32.8437 0 0.709961 0.532 0.7076 0.465
9.16974 0.599997 31.8552 0.049805 0.709961 0.2794 0.9286 0.2442
3.67217 -0.900006 41.3005 0 0.490234 0.6172 0.7121 0.3347
-33.0346 0.6 -6.45038 0.049805 1.63184 -0.3006 0.9186 -0.2566
-34.1777 -0.900001 -7.4262 0 1.65723 -0.5373 0.7078 -0.4586
-47.1694 0.6 12.3962 0.049805 1.15039 -0.361 0.912 -0.1946
1.27928 -0.900007 48.3072 0 0.294922 0.69 0.7099 0.1413
3.67217 -0.900006 41.3005 0 0.490234 0.6172 0.7121 0.3347
-0.20206 0.599991 48.0035 0.049805 0.302734 0.3467 0.9353 0.071
-56.2032 0.600001 37.5101 0.049805 0.508789 -0.3978 0.9134 -0.0867
-47.1694 0.6 12.3962 0.049805 1.15039 -0.361 0.912 -0.1946
-57.6814 -0.900005 37.1879 0 0.517578 -0.6879 0.7101 -0.15
-0.20206 0.599991 48.0035 0.049805 0.302734 0.3467 0.9353 0.071
-1.10443 0.600003 60.0121 0.049805 0 0.3667 0.9299 0.0277
1.27928 -0.900007 48.3072 0 0.294922 0.69 0.7099 0.1413
-57.6814 -0.900005 37.1879 0 0.517578 -0.6879 0.7101 -0.15
-59.6044 -0.899995 60.0121 0 0 -0.7058 0.7059 -0.0596
-56.2032 0.600001 37.5101 0.049805 0.508789 -0.3978 0.9134 -0.0867
30.3956 0.600003 -59.9879 1 3 0 1 -0
1.89557 0.600003 -59.9879 0.049805 3 -0.3554 0.9336 -0.0452
0.649678 0.600005 -50.1105 0.049805 2.74707 -0.3404 0.9359 -0.0904
0.14421 0.6 0.264335 1 1.46094 0 1 -0
11.8007 0.600001 -12.5708 1 1.78809 0 1 -0
-10.3295 0.600003 -30.5241 0.049805 2.24707 -0.288 0.9297 -0.2296
2.33481 0.599996 40.5752 0.049805 0.490234 0.3021 0.9391 0.1639
9.16974 0.599997 31.8552 0.049805 0.709961 0.2794 0.9286 0.2442
-11.9385 0.599999 12.7088 1 1.14258 0 1 -0
-58.1044 0.600003 60.0121 0.049805 0 -0.3997 0.916 -0.0338
-29.6044 0.600003 60.0121 1 0 0 1 -0
-28.2011 0.599997 42.7475 1 0.375 0 1 -0
46.5062 0.599999 -12.9437 0.049805 1.83887 0.3548 0.9151 0.1913
55.7322 0.600001 -35.5526 0.049805 2.40918 0.3935 0.9135 0.1038
28.191 0.600004 -42.8333 1 2.56152 0 1 -0
-22.4162 0.599997 26.4884 1 0.791016 0 1 -0
-47.1694 0.6 12.3962 0.049805 1.15039 -0.361 0.912 -0.1946
-56.2032 0.600001 37.5101 0.049805 0.508789 -0.3978 0.9134 -0.0867
21.6292 0.600002 -26.8326 1 2.15234 0 1 -0
28.191 0.600004 -42.8333 1 2.56152 0 1 -0
0.649678 0.600005 -50.1105 0.049805 2.74707 -0.3404 0.9359 -0.0904
20.4694 0.599996 20.243 0.049805 1.00195 0.2817 0.9224 0.2645
33.9267 0.599998 5.3875 0.049805 1.37695 0.3107 0.9183 0.2455
11.8007 0.600001 -12.5708 1 1.78809 0 1 -0
-22.4162 0.599997 26.4884 1 0.791016 0 1 -0
-11.9385 0.599999 12.7088 1 1.14258 0 1 -0
-33.0346 0.6 -6.45038 0.049805 1.63184 -0.3006 0.9186 -0.2566
58.8956 0.600003 -59.9879 0.049805 3 0.4082 0.9113 0.0528
30.3956 0.600003 -59.9879 1 3 0 1 -0
28.191 0.600004 -42.8333 1 2.56152 0 1 -0
33.9267 0.599998 5.3875 0.049805 1.37695 0.3107 0.9183 0.2455
46.5062 0.599999 -12.9437 0.049805 1.83887 0.3548 0.9151 0.1913
21.6292 0.600002 -26.8326 1 2.15234 0 1 -0
11.8007 0.600001 -12.5708 1 1.78809 0 1 -0
21.6292 0.600002 -26.8326 1 2.15234 0 1 -0
-3.25214 0.600005 -40.7136 0.049805 2.50781 -0.3148 0.9334 -0.1721
9.16974 0.599997 31.8552 0.049805 0.709961 0.2794 0.9286 0.2442
20.4694 0.599996 20.243 0.049805 1.00195 0.2817 0.9224 0.2645
0.14421 0.6 0.264335 1 1.46094 0 1 -0
-11.9385 0.599999 12.7088 1 1.14258 0 1 -0
0.14421 0.6 0.264335 1 1.46094 0 1 -0
-20.1815 0.600003 -19.7138 0.049805 1.9707 -0.2765 0.9252 -0.2599
2.33481 0.599996 40.5752 0.049805 0.490234 0.3021 0.9391 0.1639
-22.4162 0.599997 26.4884 1 0.791016 0 1 -0
-28.2011 0.599997 42.7475 1 0.375 0 1 -0
-29.6044 0.600003 60.0121 1 0 0 1 -0
-1.10443 0.600003 60.0121 0.049805 0 0.3667 0.9299 0.0277
-0.20206 0.599991 48.0035 0.049805 0.302734 0.3467 0.9353 0.071
60.3956 -0.899995 -59.9879 0 3 0.704 0.7043 0.0911
58.8956 0.600003 -59.9879 0.049805 3 0.4082 0.9113 0.0528
55.7322 0.600001 -35.5526 0.049805 2.40918 0.3935 0.9135 0.1038
1.89557 0.600003 -59.9879 0.049805 3 -0.3554 0.9336 -0.0452
0.395574 -0.899995 -59.9879 0 3 -0.7043 0.7043 -0.0897
-0.812862 -0.899998 -50.4998 0 2.75684 -0.6805 0.7101 -0.1807
55.7322 0.600001 -35.5526 0.049805 2.40918 0.3935 0.9135 0.1038
46.5062 0.599999 -12.9437 0.049805 1.83887 0.3548 0.9151 0.1913
47.8342 -0.900002 -12.2278 0 1.83887 0.6206 0.7091 0.3346
-0.812862 -0.899998 -50.4998 0 2.75684 -0.6805 0.7101 -0.1807
-4.57583 -0.899998 -41.4373 0 2.52539 -0.6187 0.7091 -0.3382
-3.25214 0.600005 -40.7136 0.049805 2.50781 -0.3148 0.9334 -0.1721
46.5062 0.599999 -12.9437 0.049805 1.83887 0.3548 0.9151 0.1913
33.9267 0.599998 5.3875 0.049805 1.37695 0.3107 0.9183 0.2455
35.1063 -0.900004 6.31962 0 1.37695 0.5542 0.7079 0.4379
-4.57583 -0.899998 -41.4373 0 2.52539 -0.6187 0.7091 -0.3382
-11.5049 -0.9 -31.4612 0 2.27051 -0.5523 0.7079 -0.4403
-10.3295 0.600003 -30.5241 0.049805 2.24707 -0.288 0.9297 -0.2296
33.9267 0.599998 5.3875 0.049805 1.37695 0.3107 0.9183 0.2455
20.4694 0.599996 20.243 0.049805 1.00195 0.2817 0.9224 0.2645
21.5631 -0.900005 21.2698 0 1.00195 0.5155 0.7072 0.484
-11.5049 -0.9 -31.4612 0 2.27051 -0.5523 0.7079 -0.4403
-21.2747 -0.9 -20.7411 0 1.99707 -0.5152 0.7071 -0.4842
-20.1815 0.600003 -19.7138 0.049805 1.9707 -0.2765 0.9252 -0.2599
20.4694 0.599996 20.243 0.049805 1.00195 0.2817 0.9224 0.2645
9.16974 0.599997 31.8552 0.049805 0.709961 0.2794 0.9286 0.2442
10.3008 -0.900005 32.8437 0 0.709961 0.532 0.7076 0.465
-21.2747 -0.9 -20.7411 0 1.99707 -0.5152 0.7071 -0.4842
-34.1777 -0.900001 -7.4262 0 1.65723 -0.5373 0.7078 -0.4586
-33.0346 0.6 -6.45038 0.049805 1.63184 -0.3006 0.9186 -0.2566
9.16974 0.599997 31.8552 0.049805 0.709961 0.2794 0.9286 0.2442
2.33481 0.599996 40.5752 0.049805 0.490234 0.3021 0.9391 0.1639
3.67217 -0.900006 41.3005 0 0.490234 0.6172 0.7121 0.3347
-34.1777 -0.900001 -7.4262 0 1.65723 -0.5373 0.7078 -0.4586
-48.5046 -0.900003 11.6764 0 1.16894 -0.619 0.711 -0.3336
-47.1694 0.6 12.3962 0.049805 1.15039 -0.361 0.912 -0.1946
3.67217 -0.900006 41.3005 0 0.490234 0.6172 0.7121 0.3347
2.33481 0.599996 40.5752 0.049805 0.490234 0.3021 0.9391 0.1639
-0.20206 0.599991 48.0035 0.049805 0.302734 0.3467 0.9353 0.071
-47.1694 0.6 12.3962 0.049805 1.15039 -0.361 0.912 -0.1946
-48.5046 -0.900003 11.6764 0 1.16894 -0.619 0.711 -0.3336
-57.6814 -0.900005 37.1879 0 0.517578 -0.6879 0.7101 -0.15
-1.10443 0.600003 60.0121 0.049805 0 0.3667 0.9299 0.0277
0.395574 -0.899995 60.0121 0 0 0.7061 0.7061 0.0533
1.27928 -0.900007 48.3072 0 0.294922 0.69 0.7099 0.1413
-59.6044 -0.899995 60.0121 0 0 -0.7058 0.7059 -0.0596
-58.1044 0.600003 60.0121 0.049805 0 -0.3997 0.916 -0.0338
-56.2032 0.600001 37.5101 0.049805 0.508789 -0.3978 0.9134 -0.0867
