Vertex Count: 144

Data:

48.7137 0.599998 -13.9911 0.049805 0.291016 0.3938 0.9131 0.1058
21.1904 0.599998 -21.3352 1 0.291016 0 1 -0
39.7262 0.599999 7.44931 0.049805 0.634766 0.3519 0.9136 0.2039
15.0644 0.599998 -6.81046 1 0.635742 0 1 -0
5.58954 0.599999 5.59266 1 1 0 1 -0
39.7262 0.599999 7.44931 0.049805 0.634766 0.3519 0.9136 0.2039
5.58954 0.599999 5.59266 1 1 0 1 -0
-6.78853 0.599999 15.1467 1 1.36523 0 1 -0
25.7312 0.599998 25.7379 0.049805 1 0.2883 0.9134 0.2874
7.47425 0.599998 39.8053 0.049805 1.36523 0.2034 0.9131 0.3533
-6.78853 0.599999 15.1467 1 1.36523 0 1 -0
-14.0406 0.600008 48.6037 0.049805 1.70801 0.1048 0.9136 0.3928
-21.388 0.600009 21.0798 1 1.70703 0 1 -0
-36.8334 0.599998 23.1627 1 2 0 1 -0
-14.0406 0.600008 48.6037 0.049805 1.70801 0.1048 0.9136 0.3928
-28.7385 0.600009 -6.44458 0.049805 1.37109 -0.0908 0.9347 -0.3436
-36.8334 0.599998 -5.3373 0.049805 1.52539 -0.0483 0.9343 -0.3533
-21.388 0.600009 21.0798 1 1.70703 0 1 -0
-6.78853 0.599999 15.1467 1 1.36523 0 1 -0
-21.0542 0.599998 -9.50883 0.049805 1.19238 -0.1741 0.9365 -0.3044
-21.388 0.600009 21.0798 1 1.70703 0 1 -0
-14.5486 0.599999 -14.5561 0.049805 1 -0.2509 0.9356 -0.2484
-21.0542 0.599998 -9.50883 0.049805 1.19238 -0.1741 0.9365 -0.3044
5.58954 0.599999 5.59266 1 1 0 1 -0
-9.60041 0.599998 -21.0673 0.049805 0.808594 -0.3068 0.9348 -0.1788
-14.5486 0.599999 -14.5561 0.049805 1 -0.2509 0.9356 -0.2484
15.0644 0.599998 -6.81046 1 0.635742 0 1 -0
21.1904 0.599998 -21.3352 1 0.291016 0 1 -0
-6.33242 0.599999 -28.676 0.049805 0.626953 -0.3381 0.9367 -0.0913
15.0644 0.599998 -6.81046 1 0.635742 0 1 -0
-5.33337 0.599997 -36.8373 0.049805 0.474609 -0.3562 0.9334 -0.044
-6.33242 0.599999 -28.676 0.049805 0.626953 -0.3381 0.9367 -0.0913
23.1666 0.599997 -36.8373 1 0 0 1 -0
25.7312 0.599998 25.7379 0.049805 1 0.2883 0.9134 0.2874
7.47425 0.599998 39.8053 0.049805 1.36523 0.2034 0.9131 0.3533
26.8028 -0.900001 26.8058 0 1 0.4987 0.7101 0.497
-29.1249 -0.89999 -7.90537 0 1.35352 -0.1801 0.7097 -0.6811
-36.8334 -0.900002 -6.83729 0 1.5 -0.0964 0.7043 -0.7033
-28.7385 0.600009 -6.44458 0.049805 1.37109 -0.0908 0.9347 -0.3436
23.1666 0.599997 -36.8373 1 0 0 1 -0
21.1904 0.599998 -21.3352 1 0.291016 0 1 -0
51.6666 0.599997 -36.8373 0.049805 0 0.4082 0.9114 0.0528
-6.83338 -0.900001 -36.8373 0 0.5 -0.7044 0.7044 -0.0872
-7.79485 -0.900001 -29.072 0 0.645508 -0.6794 0.7104 -0.1835
-5.33337 0.599997 -36.8373 0.049805 0.474609 -0.3562 0.9334 -0.044
51.6666 0.599997 -36.8373 0.049805 0 0.4082 0.9114 0.0528
48.7137 0.599998 -13.9911 0.049805 0.291016 0.3938 0.9131 0.1058
53.1666 -0.900001 -36.8373 0 0 0.704 0.7044 0.091
-6.33242 0.599999 -28.676 0.049805 0.626953 -0.3381 0.9367 -0.0913
-7.79485 -0.900001 -29.072 0 0.645508 -0.6794 0.7104 -0.1835
-9.60041 0.599998 -21.0673 0.049805 0.808594 -0.3068 0.9348 -0.1788
50.1755 -0.900001 -13.5983 0 0.291016 0.6798 0.7103 0.1826
48.7137 0.599998 -13.9911 0.049805 0.291016 0.3938 0.9131 0.1058
41.0348 -0.900001 8.20742 0 0.634766 0.6093 0.71 0.353
-10.906 -0.900001 -21.8283 0 0.817383 -0.6086 0.7097 -0.3548
-15.6237 -0.900001 -15.6205 0 1 -0.5003 0.7101 -0.4954
-9.60041 0.599998 -21.0673 0.049805 0.808594 -0.3068 0.9348 -0.1788
39.7262 0.599999 7.44931 0.049805 0.634766 0.3519 0.9136 0.2039
25.7312 0.599998 25.7379 0.049805 1 0.2883 0.9134 0.2874
41.0348 -0.900001 8.20742 0 0.634766 0.6093 0.71 0.353
-15.6237 -0.900001 -15.6205 0 1 -0.5003 0.7101 -0.4954
-21.8065 -0.900001 -10.8237 0 1.18262 -0.3494 0.7106 -0.6107
-14.5486 0.599999 -14.5561 0.049805 1 -0.2509 0.9356 -0.2484
-21.0542 0.599998 -9.50883 0.049805 1.19238 -0.1741 0.9365 -0.3044
-21.8065 -0.900001 -10.8237 0 1.18262 -0.3494 0.7106 -0.6107
-28.7385 0.600009 -6.44458 0.049805 1.37109 -0.0908 0.9347 -0.3436
8.2294 -0.900001 41.1171 0 1.36523 0.3512 0.7103 0.61
7.47425 0.599998 39.8053 0.049805 1.36523 0.2034 0.9131 0.3533
-13.6511 -0.899991 50.065 0 1.70801 0.1816 0.7099 0.6805
-14.0406 0.600008 48.6037 0.049805 1.70801 0.1048 0.9136 0.3928
-36.8334 0.599997 51.6627 0.049805 2 0.0547 0.9109 0.409
-13.6511 -0.899991 50.065 0 1.70801 0.1816 0.7099 0.6805
21.1904 0.599998 -21.3352 1 0.291016 0 1 -0
15.0644 0.599998 -6.81046 1 0.635742 0 1 -0
39.7262 0.599999 7.44931 0.049805 0.634766 0.3519 0.9136 0.2039
5.58954 0.599999 5.59266 1 1 0 1 -0
25.7312 0.599998 25.7379 0.049805 1 0.2883 0.9134 0.2874
39.7262 0.599999 7.44931 0.049805 0.634766 0.3519 0.9136 0.2039
-6.78853 0.599999 15.1467 1 1.36523 0 1 -0
7.47425 0.599998 39.8053 0.049805 1.36523 0.2034 0.9131 0.3533
25.7312 0.599998 25.7379 0.049805 1 0.2883 0.9134 0.2874
-6.78853 0.599999 15.1467 1 1.36523 0 1 -0
-21.388 0.600009 21.0798 1 1.70703 0 1 -0
-14.0406 0.600008 48.6037 0.049805 1.70801 0.1048 0.9136 0.3928
-36.8334 0.599998 23.1627 1 2 0 1 -0
-36.8334 0.599997 51.6627 0.049805 2 0.0547 0.9109 0.409
-14.0406 0.600008 48.6037 0.049805 1.70801 0.1048 0.9136 0.3928
-36.8334 0.599998 -5.3373 0.049805 1.52539 -0.0483 0.9343 -0.3533
-36.8334 0.599998 23.1627 1 2 0 1 -0
-21.388 0.600009 21.0798 1 1.70703 0 1 -0
-21.0542 0.599998 -9.50883 0.049805 1.19238 -0.1741 0.9365 -0.3044
-28.7385 0.600009 -6.44458 0.049805 1.37109 -0.0908 0.9347 -0.3436
-21.388 0.600009 21.0798 1 1.70703 0 1 -0
-21.0542 0.599998 -9.50883 0.049805 1.19238 -0.1741 0.9365 -0.3044
-6.78853 0.599999 15.1467 1 1.36523 0 1 -0
5.58954 0.599999 5.59266 1 1 0 1 -0
-14.5486 0.599999 -14.5561 0.049805 1 -0.2509 0.9356 -0.2484
5.58954 0.599999 5.59266 1 1 0 1 -0
15.0644 0.599998 -6.81046 1 0.635742 0 1 -0
-6.33242 0.599999 -28.676 0.049805 0.626953 -0.3381 0.9367 -0.0913
-9.60041 0.599998 -21.0673 0.049805 0.808594 -0.3068 0.9348 -0.1788
15.0644 0.599998 -6.81046 1 0.635742 0 1 -0
-6.33242 0.599999 -28.676 0.049805 0.626953 -0.3381 0.9367 -0.0913
21.1904 0.599998 -21.3352 1 0.291016 0 1 -0
23.1666 0.599997 -36.8373 1 0 0 1 -0
7.47425 0.599998 39.8053 0.049805 1.36523 0.2034 0.9131 0.3533
8.2294 -0.900001 41.1171 0 1.36523 0.3512 0.7103 0.61
26.8028 -0.900001 26.8058 0 1 0.4987 0.7101 0.497
-36.8334 -0.900002 -6.83729 0 1.5 -0.0964 0.7043 -0.7033
-36.8334 0.599998 -5.3373 0.049805 1.52539 -0.0483 0.9343 -0.3533
-28.7385 0.600009 -6.44458 0.049805 1.37109 -0.0908 0.9347 -0.3436
21.1904 0.599998 -21.3352 1 0.291016 0 1 -0
48.7137 0.599998 -13.9911 0.049805 0.291016 0.3938 0.9131 0.1058
51.6666 0.599997 -36.8373 0.049805 0 0.4082 0.9114 0.0528
-7.79485 -0.900001 -29.072 0 0.645508 -0.6794 0.7104 -0.1835
-6.33242 0.599999 -28.676 0.049805 0.626953 -0.3381 0.9367 -0.0913
-5.33337 0.599997 -36.8373 0.049805 0.474609 -0.3562 0.9334 -0.044
48.7137 0.599998 -13.9911 0.049805 0.291016 0.3938 0.9131 0.1058
50.1755 -0.900001 -13.5983 0 0.291016 0.6798 0.7103 0.1826
53.1666 -0.900001 -36.8373 0 0 0.704 0.7044 0.091
-7.79485 -0.900001 -29.072 0 0.645508 -0.6794 0.7104 -0.1835
-10.906 -0.900001 -21.8283 0 0.817383 -0.6086 0.7097 -0.3548
-9.60041 0.599998 -21.0673 0.049805 0.808594 -0.3068 0.9348 -0.1788
48.7137 0.599998 -13.9911 0.049805 0.291016 0.3938 0.9131 0.1058
39.7262 0.599999 7.44931 0.049805 0.634766 0.3519 0.9136 0.2039
41.0348 -0.900001 8.20742 0 0.634766 0.6093 0.71 0.353
-15.6237 -0.900001 -15.6205 0 1 -0.5003 0.7101 -0.4954
-14.5486 0.599999 -14.5561 0.049805 1 -0.2509 0.9356 -0.2484
-9.60041 0.599998 -21.0673 0.049805 0.808594 -0.3068 0.9348 -0.1788
25.7312 0.599998 25.7379 0.049805 1 0.2883 0.9134 0.2874
26.8028 -0.900001 26.8058 0 1 0.4987 0.7101 0.497
41.0348 -0.900001 8.20742 0 0.634766 0.6093 0.71 0.353
-21.8065 -0.900001 -10.8237 0 1.18262 -0.3494 0.7106 -0.6107
-21.0542 0.599998 -9.50883 0.049805 1.19238 -0.1741 0.9365 -0.3044
-14.5486 0.599999 -14.5561 0.049805 1 -0.2509 0.9356 -0.2484
-21.8065 -0.900001 -10.8237 0 1.18262 -0.3494 0.7106 -0.6107
-29.1249 -0.89999 -7.90537 0 1.35352 -0.1801 0.7097 -0.6811
-28.7385 0.600009 -6.44458 0.049805 1.37109 -0.0908 0.9347 -0.3436
7.47425 0.599998 39.8053 0.049805 1.36523 0.2034 0.9131 0.3533
-14.0406 0.600008 48.6037 0.049805 1.70801 0.1048 0.9136 0.3928
-13.6511 -0.899991 50.065 0 1.70801 0.1816 0.7099 0.6805
-36.8334 0.599997 51.6627 0.049805 2 0.0547 0.9109 0.409
-36.8334 -0.900001 53.1627 0 2 0.0941 0.704 0.704
-13.6511 -0.899991 50.065 0 1.70801 0.1816 0.7099 0.6805
