Vertex Count: 24

Data:

-0 0.6 -30 0.9999 0.9999 0 1 0
-0 0.6 30 0.9999 0.000100017 0 1 0
28.5 0.6 -30 0.049805 1 0.3827 0.9239 0
30 -0.9 -30 0 1 0.7071 0.7071 0
28.5 0.6 -30 0.049805 1 0.3827 0.9239 0
30 -0.9 30 0 0 0.7071 0.7071 0
-0 0.6 -30 0.9999 0.9999 0 1 0
-28.5 0.6 -30 0.049805 1 -0.3827 0.9239 0
-0 0.6 30 0.9999 0.000100017 0 1 0
-30 -0.9 -30 0 1 -0.7071 0.7071 0
-30 -0.9 30 0 0 -0.7071 0.7071 0
-28.5 0.6 -30 0.049805 1 -0.3827 0.9239 0
-0 0.6 30 0.9999 0.000100017 0 1 0
28.5 0.6 30 0.049805 0 0.3827 0.9239 0
28.5 0.6 -30 0.049805 1 0.3827 0.9239 0
28.5 0.6 -30 0.049805 1 0.3827 0.9239 0
28.5 0.6 30 0.049805 0 0.3827 0.9239 0
30 -0.9 30 0 0 0.7071 0.7071 0
-28.5 0.6 -30 0.049805 1 -0.3827 0.9239 0
-28.5 0.6 30 0.049805 0 -0.3827 0.9239 0
-0 0.6 30 0.9999 0.000100017 0 1 0
-30 -0.9 30 0 0 -0.7071 0.7071 0
-28.5 0.6 30 0.049805 0 -0.3827 0.9239 0
-28.5 0.6 -30 0.049805 1 -0.3827 0.9239 0
